1207 0 7 0
1246 1 7 0
1272 2 7 0
1318 3 7 0
1346 2 7 0
1369 1 7 0
1397 0 7 0
1444 1 7 0
1467 2 7 0
1497 3 7 0
1520 2 7 0
1544 1 7 0
1597 0 7 0
1643 1 7 0
1651 2 7 0
1665 3 7 0
1689 2 7 0
1745 1 7 0
1752 0 7 0
1795 2 7 0
1835 3 7 0
1842 2 7 0
1849 1 7 0
1865 0 7 0
1889 3 7 0
1935 2 7 0
1943 1 7 0
1960 0 7 0
1979 3 7 0
2011 2 7 0
2028 1 7 0
2062 0 7 0
2084 1 7 0
2130 1 7 0
2155 1 7 0
2179 2 7 0
2205 3 7 0
2237 2 8 0
2279 2 8 0
2301 2 8 0
2325 1 8 0
2346 0 8 0
2375 1 8 0
2408 2 8 0
2430 3 8 0
2449 2 8 0
2470 1 8 0
2515 0 8 0
2520 1 8 0
2527 2 8 0
2555 3 8 0
2562 2 8 0
2571 1 8 0
2586 0 8 0
2616 1 8 0
2638 2 8 0
2664 3 8 0
2716 2 8 0
2723 1 8 0
2747 0 8 0
2760 1 8 0
2771 2 8 0
2794 3 8 0
2807 2 8 0
2836 1 8 0
2861 0 8 0
2906 1 7 0
2933 2 7 0
2961 3 7 0
3005 2 7 0
3005 1 7 0
3029 2 7 0
3029 1 7 0
3054 2 7 0
3054 1 7 0
3100 0 7 0
3105 1 7 0
3110 2 7 0
3146 0 7 0
3150 1 7 0
3155 2 7 0
3186 0 7 0
3192 1 7 0
3193 2 7 0
3242 0 7 0
3295 0 7 0
3319 1 7 0
3345 2 7 0
3357 3 7 0
3372 2 7 0
3433 1 7 0
3479 0 7 0
3485 1 7 0
3491 2 7 0
3519 0 7 0
3525 1 7 0
3528 2 7 0
3549 0 7 0
3571 1 7 0
3574 2 7 0
3582 3 7 0
3640 2 7 0
3674 1 7 0
3682 0 7 0
3695 2 7 0
3710 3 7 0
3726 1 7 0
3740 2 7 0
3780 0 7 0
3787 1 7 0
3790 2 7 0
3800 3 7 0
3830 0 7 0
3836 1 7 0
3837 2 7 0
3846 3 7 0
3867 0 7 0
3885 1 7 0
3908 2 7 0
3933 3 7 0
3937 2 7 0
3945 1 7 0
3957 0 7 0
3987 1 7 0
4007 3 7 0
4030 1 7 0
4052 3 7 0
4076 1 7 0
4096 0 7 0
4125 3 7 0
4131 2 7 0
4139 1 7 0
4148 0 7 0
4170 1 7 0
4221 1 7 0
4222 2 7 0
4245 2 7 0
4245 1 7 0
4263 0 7 0
4268 1 7 0
4273 2 7 0
4315 3 7 0
4317 2 7 0
4321 1 7 0
4343 0 7 0
4360 1 7 0
4393 3 7 0
4403 2 7 0
4419 1 7 0
4432 0 7 0
4466 1 7 0
4488 2 7 0
4512 3 7 0
4535 2 7 0
4542 1 7 0
4550 0 7 0
4571 3 7 0
4576 2 7 0
4584 1 7 0
4608 0 7 0
4663 0 7 0
4688 1 7 0
4712 2 7 0
4750 3 7 0
4772 2 7 0
4822 1 7 0
4843 0 7 0
4870 1 7 0
4902 2 7 0
4927 3 7 0
4952 2 7 0
4974 2 7 0
4996 1 7 0
5019 0 7 0
5050 2 7 0
5050 1 7 0
5072 0 7 0
5072 3 7 0
5098 1 7 0
5101 2 7 0
5133 0 7 0
5159 1 7 0
5199 2 7 0
5224 3 7 0
5261 2 7 0
5287 1 7 0
5314 0 7 0
5341 1 7 0
5364 2 7 0
5390 3 7 0
5438 2 7 0
5442 1 7 0
5449 0 7 0
5493 3 7 0
5524 2 7 0
5555 1 7 0
5589 0 7 0
5629 2 7 0
5635 1 7 0
5649 0 7 0
5678 3 7 0
5707 2 7 0
5729 1 7 0
5751 0 7 0
5775 3 7 0
5824 0 7 0
5875 0 7 0
5913 1 7 0
5920 2 7 0
5933 3 7 0
5959 2 7 0
5986 1 7 0
6012 0 7 0
6038 1 7 0
6067 2 7 0
6092 3 7 0
6120 2 7 0
6141 2 7 0
6166 1 7 0
6173 0 7 0
6215 3 7 0
6243 2 7 0
6268 1 7 0
6293 0 7 0
6328 3 7 0
6366 1 7 0
6415 2 7 0
6417 1 7 0
6442 0 7 0
6470 3 7 0
6516 1 7 0
6538 2 7 0
6565 3 7 0
6614 0 7 0
6614 3 7 0
6641 0 7 0
6662 1 7 0
6677 2 7 0
6702 3 7 0
6751 2 7 0
6751 1 7 0
6801 0 7 0
6823 3 7 0
6850 1 7 0
6874 2 7 0
6897 3 7 0
6921 0 7 0
6947 1 7 0
6999 0 7 0
7006 1 7 0
7017 3 7 0
7017 2 7 0
7046 0 7 0
7097 1 7 0
7117 2 7 0
7139 3 7 0
7185 0 7 0
7189 1 7 0
7198 2 7 0
7235 3 7 0
7264 1 7 0
7275 0 7 0
7289 2 7 0
7311 1 7 0
7332 0 7 0
7381 3 7 0
7388 2 7 0
7401 0 7 0
7401 1 7 0
7431 0 7 0
7455 1 7 0
7468 2 7 0
7496 3 7 0
7530 1 7 0
7578 2 7 0
7599 3 7 0
7626 1 7 0
7651 0 7 0
7666 3 7 0
7666 2 7 0
7696 0 7 0
7722 1 7 0
7779 0 7 0
7779 1 7 0
7801 3 7 0
7801 2 7 0
7830 0 7 0
7830 1 7 0
7844 3 7 0
7863 0 7 0
7902 1 7 0
7911 2 7 0
7927 0 7 0
7936 3 7 0
7953 0 7 0
7974 1 7 0
7994 2 7 0
8017 3 7 0
8022 0 7 0
8030 1 7 0
8042 2 7 0
8057 3 7 0
8077 1 7 0
8089 0 7 0
8116 1 7 0
8160 0 7 0
8168 1 7 0
8191 2 7 0
8214 3 7 0
8232 0 7 0
8241 1 7 0
8252 2 7 0
8283 0 7 0
8313 1 7 0
8349 2 7 0
8361 3 7 0
8374 2 7 0
8384 1 7 0
8395 0 7 0
8412 1 7 0
8438 1 7 0
8463 1 7 0
8479 0 7 0
8504 1 7 0
8551 2 7 0
8573 3 7 0
8600 1 7 0
8604 0 7 0
8630 1 7 0
8682 0 6 0
8699 1 6 0
8750 0 4 0
8768 1 4 0
8797 2 4 0
8811 3 4 0
8824 2 4 0
8852 0 4 0
8872 1 4 0
8898 0 4 0
8936 0 4 0
8942 1 4 0
8953 2 4 0
8967 0 4 0
8992 1 4 0
9011 2 4 0
9025 3 4 0
9051 0 4 0
9086 1 4 0
9131 2 4 0
9156 1 4 0
9187 0 4 0
9236 1 4 0
9260 0 4 0
9285 1 4 0
9334 3 4 0
9382 0 4 0
9422 1 4 0
9451 0 4 0
9494 1 4 0
9516 0 4 0
9542 1 4 0
9571 2 4 0
9595 3 4 0
9618 0 4 0
9640 1 4 0
9666 2 4 0
9689 3 4 0
9719 0 4 0
9720 3 4 0
9769 2 4 0
9769 1 4 0
9813 0 4 0
9840 3 4 0
9877 1 4 0
9902 2 4 0
9927 3 4 0
9961 0 4 0
9987 1 4 0
10011 2 4 0
10033 3 4 0
10058 0 4 0
10085 1 4 0
10088 0 4 0
10110 1 4 0
10159 1 4 0
10197 2 4 0
10226 1 4 0
10266 2 4 0
10284 1 4 0
10293 2 4 0
10317 1 4 0
10346 0 4 0
10373 3 4 0
10399 1 4 0
10402 2 4 0
10423 2 4 0
10424 1 4 0
10445 0 4 0
10467 3 4 0
10494 1 4 0
10521 2 4 0
10547 0 4 0
10568 1 4 0
10582 2 4 0
10613 3 4 0
10659 0 4 0
10687 1 4 0
10710 2 4 0
10741 0 4 0
10768 0 4 0
10791 0 4 0
10813 1 4 0
10819 2 4 0
10836 3 4 0
10847 0 4 0
10932 0 4 0
10986 0 7 0
11034 0 7 0
11076 0 7 0
11082 1 7 0
11105 3 7 0
11105 2 7 0
11130 0 7 0
11157 1 7 0
11179 2 7 0
11202 3 7 0
11226 0 7 0
11275 2 7 0
11275 1 7 0
11299 3 7 0
11302 0 7 0
11326 1 7 0
11349 2 7 0
11361 0 7 0
11377 3 7 0
11423 0 7 0
11428 1 7 0
11468 0 7 0
11478 1 7 0
11490 2 7 0
11504 0 7 0
11517 0 7 0
11523 1 7 0
11570 0 7 0
11577 1 7 0
11588 1 7 0
11603 3 7 0
11621 0 7 0
11679 3 7 0
11692 0 7 0
11715 1 7 0
11732 2 7 0
11742 0 7 0
11752 1 7 0
11772 2 7 0
11813 0 7 0
11820 1 7 0
11826 2 7 0
11845 0 7 0
11853 1 7 0
11858 2 7 0
11881 0 7 0
11886 1 7 0
11891 2 7 0
11912 0 7 0
11917 1 7 0
11921 2 7 0
11945 0 7 0
11964 1 7 0
11984 2 7 0
12010 3 7 0
12070 1 7 0
12086 2 7 0
12105 0 7 0
12127 3 7 0
12149 0 7 0
12176 1 7 0
12200 2 7 0
12248 0 7 0
12254 1 7 0
12276 0 7 0
12281 1 7 0
12301 0 7 0
12305 1 7 0
12325 3 7 0
12350 0 7 0
12375 1 7 0
12400 2 7 0
12445 0 7 0
12445 1 7 0
12471 0 7 0
12471 1 7 0
12505 3 7 0
12505 2 7 0
12516 2 7 0
12517 3 7 0
12530 3 7 0
12530 2 7 0
12563 0 7 0
12589 1 7 0
12640 0 7 0
12644 1 7 0
12665 0 7 0
12679 1 7 0
12704 3 7 0
12722 0 7 0
12734 1 7 0
12780 2 7 0
12821 0 7 0
12825 1 7 0
12850 3 7 0
12877 0 7 0
12905 1 7 0
12917 2 7 0
12933 1 7 0
12978 0 7 0
13023 1 7 0
13031 0 7 0
13045 0 7 0
13052 1 7 0
13058 0 7 0
13065 1 7 0
13086 0 7 0
13111 1 7 0
13130 3 7 0
13150 0 7 0
13177 1 7 0
13224 0 7 0
13248 0 7 0
13277 1 6 0
13301 2 6 0
13326 0 6 0
13346 1 6 0
13372 2 6 0
13418 0 6 0
13422 1 6 0
13442 0 6 0
13446 1 6 0
13468 0 6 0
13484 1 6 0
13497 3 6 0
13523 0 6 0
13557 1 6 0
13606 0 6 0
13619 1 6 0
13640 3 6 0
13668 0 7 0
13685 1 7 0
13701 1 7 0
13753 0 7 0
13759 1 7 0
13806 0 7 0
13830 3 7 0
13858 1 7 0
13905 1 7 0
13930 1 7 0
13960 0 6 0
14000 1 6 0
14026 1 6 0
14050 0 6 0
14057 2 6 0
14088 0 6 0
14094 2 6 0
14120 0 6 0
14125 2 6 0
14165 0 6 0
14190 0 6 0
14216 2 6 0
14243 0 6 0
14285 2 6 0
14290 0 6 0
14313 2 6 0
14317 0 6 0
14339 2 6 0
14343 0 6 0
14360 0 6 0
14363 2 6 0
14370 0 6 0
14390 0 6 0
14437 1 6 0
14477 0 6 0
14481 1 6 0
14503 0 6 0
14507 1 6 0
14549 0 6 0
14581 0 6 0
14603 3 6 0
14603 2 6 0
14630 0 6 0
14656 1 6 0
14681 0 6 0
14708 1 6 0
14733 1 6 0
14782 0 6 0
14831 3 6 0
14834 0 6 0
14867 3 6 0
14873 0 6 0
14902 1 6 0
14946 2 6 0
14947 1 6 0
14972 2 6 0
14979 1 6 0
15002 2 6 0
15007 1 6 0
15027 2 6 0
15033 1 6 0
15044 2 6 0
15052 1 6 0
15057 2 6 0
15064 1 6 0
15069 2 6 0
15075 1 6 0
15081 2 6 0
15086 1 6 0
15092 2 6 0
15098 1 6 0
15103 2 6 0
15109 1 6 0
15115 2 6 0
15121 1 6 0
15126 2 6 0
15131 1 6 0
15137 2 6 0
15144 1 6 0
15150 2 6 0
15154 1 6 0
15174 0 6 0
15216 1 6 0
15257 0 6 0
15261 1 6 0
15283 0 6 0
15287 1 6 0
15328 0 6 0
15332 1 6 0
15352 0 6 0
15358 1 6 0
15378 0 6 0
15383 1 6 0
15406 0 6 0
15410 1 6 0
15422 2 6 0
15437 3 6 0
15459 0 6 0
15464 1 6 0
15472 2 6 0
15506 0 6 0
15510 1 6 0
15515 2 6 0
15546 0 6 0
15552 1 6 0
15557 2 6 0
15583 0 6 0
15587 1 6 0
15591 2 6 0
15612 0 6 0
15654 0 6 0
15661 1 6 0
15663 2 6 0
15686 0 6 0
15691 1 6 0
15694 2 6 0
15716 0 6 0
15721 1 6 0
15725 2 6 0
15743 0 6 0
15748 1 6 0
15752 2 6 0
15768 0 6 0
15773 1 6 0
15776 2 6 0
15793 0 6 0
15800 1 6 0
15802 2 6 0
15844 0 6 0
15872 0 6 0
15899 0 6 0
15918 1 6 0
15925 2 6 0
15945 0 6 0
16002 0 6 0
16041 0 6 0
16065 0 6 0
16106 0 6 0
16110 1 6 0
16116 2 6 0
16133 0 6 0
16138 1 6 0
16141 2 6 0
16158 0 6 0
16163 1 6 0
16167 2 6 0
16184 0 6 0
16188 1 6 0
16192 2 6 0
16216 0 6 0
