101 3 5 0
112 3 5 0
128 2 5 0
151 2 5 0
173 1 5 0
200 1 5 0
220 1 5 0
241 2 5 0
260 2 5 0
281 2 5 0
314 3 5 0
327 3 5 0
348 2 5 0
371 2 5 0
392 2 5 0
418 1 5 0
445 1 5 0
466 2 5 0
481 2 5 0
496 2 5 0
534 2 5 0
534 3 5 0
548 2 5 0
548 3 5 0
574 2 5 0
574 1 5 0
596 2 5 0
597 1 5 0
621 2 5 0
622 1 5 0
650 2 5 0
651 1 5 0
671 2 5 0
672 1 5 0
692 2 5 0
692 1 5 0
713 2 5 0
732 2 5 0
735 1 5 0
759 3 5 0
759 0 5 0
773 3 5 0
775 0 5 0
797 1 5 0
798 0 5 0
816 0 5 0
841 1 5 0
842 2 5 0
865 1 5 0
866 2 5 0
888 2 5 0
888 1 5 0
916 3 5 0
917 2 5 0
929 2 5 0
929 3 5 0
943 2 5 0
944 3 5 0
981 1 7 0
981 3 7 0
994 1 7 0
995 3 7 0
1026 2 7 0
1029 0 7 0
1044 2 7 0
1046 0 7 0
1072 1 7 0
1073 3 7 0
1095 1 7 0
1096 3 7 0
1115 3 7 0
1115 1 7 0
1140 2 7 0
1141 0 7 0
1157 2 7 0
1159 0 7 0
1176 2 7 0
1178 0 7 0
1222 0 7 0
1222 1 7 0
1236 0 7 0
1236 1 7 0
1252 0 7 0
1253 1 7 0
1278 2 7 0
1279 3 7 0
1294 2 7 0
1294 3 7 0
1313 2 7 0
1313 1 7 0
1330 2 7 0
1330 1 7 0
1344 2 7 0
1344 1 7 0
1366 3 7 0
1379 2 7 0
1379 3 7 0
1392 2 7 0
1392 1 7 0
1401 2 7 0
1402 3 7 0
1437 3 7 0
1438 1 7 0
1452 3 7 0
1452 1 7 0
1478 2 7 0
1481 0 7 0
1499 0 7 0
1499 2 7 0
1522 1 7 0
1523 3 7 0
1541 3 7 0
1541 1 7 0
1574 0 7 0
1574 3 7 0
1605 0 7 0
1605 3 7 0
1631 3 7 0
1631 0 7 0
1665 2 7 0
1665 1 7 0
1679 2 7 0
1680 1 7 0
1706 0 7 0
1724 0 7 0
1743 1 7 0
1769 1 7 0
1787 1 7 0
1812 2 7 0
1826 2 7 0
1841 2 7 0
1869 3 7 0
1891 2 7 0
1917 1 7 0
1937 1 7 0
1954 0 7 0
1969 1 7 0
1981 0 7 0
2008 1 7 0
2030 2 7 0
2052 2 7 0
2066 1 7 0
2072 2 7 0
2096 3 7 0
2115 2 7 0
2137 1 7 0
2160 1 7 0
2179 0 7 0
2192 1 7 0
2214 0 7 0
2231 1 7 0
2249 0 7 0
2275 0 7 0
2292 0 7 0
2318 3 7 0
2337 2 7 0
2361 1 7 0
2383 1 7 0
2404 0 7 0
2418 1 7 0
2437 0 7 0
2461 1 7 0
2480 0 7 0
2514 0 7 0
2527 0 7 0
2549 3 7 0
2571 2 7 0
2588 1 7 0
2610 1 7 0
2633 3 7 0
2642 1 7 0
2655 3 7 0
2675 1 7 0
2695 2 7 0
2710 2 7 0
2734 1 7 0
2790 1 7 0
2814 1 7 0
2879 2 7 0
2880 1 7 0
2901 2 7 0
2920 3 7 0
2938 2 7 0
2964 1 7 0
2991 1 7 0
3018 1 7 0
3063 1 7 0
3081 2 7 0
3113 3 7 0
3130 2 7 0
3164 1 7 0
3183 1 7 0
3194 0 7 0
3217 1 7 0
3240 2 7 0
3258 3 7 0
3275 2 7 0
3293 1 7 0
3313 0 7 0
3322 1 7 0
3324 2 7 0
3337 1 7 0
3340 2 7 0
3354 3 7 0
3361 2 7 0
3421 0 7 0
3430 1 7 0
3436 2 7 0
3449 1 7 0
3455 2 7 0
3469 3 7 0
3477 2 7 0
3484 3 7 0
3491 2 7 0
3498 1 7 0
3505 1 7 0
3517 2 7 0
3524 3 7 0
3530 1 7 0
3537 2 7 0
3544 3 7 0
3548 2 7 0
3556 3 7 0
3573 2 7 0
3575 3 7 0
3585 2 7 0
3598 2 7 0
3601 3 7 0
3608 2 7 0
3617 3 7 0
3631 1 7 0
3636 3 7 0
3679 2 7 0
3688 3 7 0
3695 1 7 0
3704 3 7 0
3709 1 7 0
3712 2 7 0
3719 3 7 0
3724 2 7 0
3731 3 7 0
3740 1 7 0
3747 2 7 0
3767 3 7 0
3773 2 7 0
3779 3 7 0
3787 2 7 0
3790 1 7 0
3799 2 7 0
3806 0 7 0
3816 2 7 0
3823 1 7 0
3832 2 7 0
3839 3 7 0
3846 1 7 0
3851 2 7 0
3859 3 7 0
3866 2 7 0
3905 2 7 0
3909 3 7 0
3917 1 7 0
3922 2 7 0
3945 1 7 0
3953 3 7 0
3960 2 7 0
3968 3 7 0
3986 2 7 0
3995 1 7 0
4003 2 7 0
4010 1 7 0
4020 3 7 0
4026 1 7 0
4027 2 7 0
4035 1 7 0
4055 2 7 0
4068 3 7 0
4071 2 7 0
4079 1 7 0
4085 3 7 0
4090 1 7 0
4094 2 7 0
4105 1 7 0
4120 0 7 0
4161 1 7 0
4249 3 7 0
4266 2 7 0
4286 1 7 0
4322 0 7 0
4356 1 7 0
4400 1 7 0
4457 3 7 0
4482 2 7 0
4511 1 7 0
4537 0 7 0
4570 3 7 0
4610 3 7 0
4695 2 7 0
4713 2 7 0
4735 1 7 0
4761 1 7 0
4784 2 7 0
4800 1 7 0
4838 1 7 0
4920 3 7 0
4940 2 7 0
4964 1 7 0
4983 0 7 0
5009 1 7 0
5034 1 7 0
5075 1 7 0
5141 2 7 0
5166 2 7 0
5184 1 7 0
5218 1 7 0
5244 2 7 0
5285 2 7 0
5370 3 7 0
5391 2 7 0
5407 1 7 0
5427 2 7 0
5473 3 7 0
5483 2 7 0
5492 1 7 0
5498 2 7 0
5511 3 7 0
5519 2 7 0
5528 1 7 0
5574 1 7 0
5579 2 7 0
5588 1 7 0
5594 2 7 0
5604 2 7 0
5606 3 7 0
5613 2 7 0
5638 1 7 0
5643 2 7 0
5649 0 7 0
5649 3 7 0
5655 1 7 0
5661 2 7 0
5681 3 7 0
5704 2 7 0
5706 1 7 0
5711 3 7 0
5717 1 7 0
5722 2 7 0
5729 3 7 0
5737 2 7 0
5745 1 7 0
5761 1 7 0
5762 0 7 0
5789 1 7 0
5797 2 7 0
5802 3 7 0
5809 1 7 0
5824 2 7 0
5833 3 7 0
5839 1 7 0
5855 2 7 0
5864 3 7 0
5867 2 7 0
5872 1 7 0
5881 2 7 0
5884 1 7 0
5901 2 7 0
5944 2 8 0
5952 3 8 0
5958 1 8 0
5963 2 9 0
5970 3 9 0
5975 1 9 0
5986 2 10 0
5994 3 10 0
6001 1 10 0
6013 2 10 0
6022 1 10 0
6027 2 10 0
6033 2 10 0
6037 1 10 0
6045 0 10 0
6054 2 10 0
6055 1 10 0
6074 1 10 0
6078 2 10 0
6085 3 10 0
6092 2 10 0
6097 1 10 0
6106 2 10 0
6124 1 10 0
6137 1 10 0
6142 2 10 0
6155 3 10 0
6162 1 10 0
6170 2 10 0
6189 1 10 0
6191 2 10 0
6200 1 10 0
6208 2 10 0
6216 1 10 0
6220 0 10 0
6267 2 10 0
6284 2 10 0
6302 1 10 0
6330 1 10 0
6370 2 10 0
6395 3 10 0
6417 2 10 0
6444 1 10 0
6472 1 10 0
6492 1 10 0
6518 1 10 0
6541 2 10 0
6565 2 10 0
6617 1 10 0
6640 1 10 0
6671 1 10 0
6700 1 10 0
6764 0 10 0
6799 1 10 0
6824 2 10 0
6880 3 10 0
6903 2 10 0
6935 1 10 0
6969 1 10 0
6986 2 10 0
7012 2 10 0
7056 2 10 0
7075 3 10 0
7159 3 10 0
7194 2 10 0
7218 2 10 0
7253 2 10 0
7277 3 10 0
7301 3 10 0
7393 3 10 0
7419 2 10 0
7456 1 10 0
7477 1 10 0
7515 3 10 0
7527 3 10 0
7547 2 10 0
7567 2 10 0
7591 0 10 0
7617 0 10 0
7639 0 10 0
7662 1 10 0
7696 1 10 0
7715 3 10 0
